duration=10.735573768615723
duration=9.2075936794281
duration=9.66177225112915
duration=9.342504024505615
