duration=24.843114137649536
duration=22.742809772491455
duration=23.118058443069458
duration=24.32898998260498
