duration=10.834228754043579
duration=9.258541584014893
duration=10.818112850189209
